annee	continent	code	pays	hommes	hommes_fr	homme_extra	femmes	femmes_fr	femmes_extra
2006	Europe	DEU	Allemand	579	418	161	648	453	195
2006	Europe	AUT	Autrichien	30	24	6	46	33	13
2006	Europe	BEL	Belge	593	449	144	575	418	157
2006	Europe	BGR	Bulgare	44	29	15	166	138	28
2006	Europe	CYP	Chypriote	3	3	0	2	2	0
2006	Europe	DNK	Danois	30	16	14	31	28	3
2006	Europe	ESP	Espagnol	371	308	63	341	271	70
2006	Europe	EST	Estonien	1	0	1	6	4	2
2006	Europe	FIN	Finlandais	9	5	4	32	24	8
2006	Europe	GRC	Grec	27	19	8	41	28	13
2006	Europe	HUN	Hongrois	14	12	2	60	55	5
2006	Europe	IRL	Irlandais	79	61	18	78	61	17
2006	Europe	ITA	Italien	650	514	136	368	288	80
2006	Europe	LVA	Letton	0	0	0	21	19	2
2006	Europe	LTU	Lituanien	7	4	3	45	36	9
2006	Europe	LUX	Luxembourgeois	36	25	11	37	28	9
2006	Europe	MLT	Maltais	2	2	0	4	4	0
2006	Europe	NOR	Norvégien	15	13	2	32	25	7
2006	Europe	NLD	Néerlandais Hollandais	243	133	110	270	120	150
2006	Europe	POL	Polonais	142	73	69	546	431	115
2006	Europe	PRT	Portugais	1517	1153	364	854	533	321
2006	Europe	ROU	Roumain	187	103	84	601	498	103
2006	Europe	GBR	Britannique	1061	633	428	746	349	397
2006	Europe	SVK	Slovaque	13	11	2	60	51	9
2006	Europe	SVN	Slovène	2	2	0	4	2	2
2006	Europe	SWE	Suédois	49	39	10	73	61	12
2006	Europe	CHE	Suisse	170	125	45	215	167	48
2006	Europe	ISL	Islandais	0	0	0	2	2	0
2006	Europe	CZE+SVK	Tchécoslovaque	2	1	1	1	1	0
2006	Europe	CZE	Tchèque	10	8	2	51	47	4
2006	Europe	YUG	Yougoslave	127	49	78	103	35	68
2006	Europe	Europe	Autres nationalités d'Europe (sauf Russes)	484	240	244	905	659	246
2006	Afrique	DZA	Algérien	6129	4958	1171	2809	1681	1128
2006	Afrique	CMR	Camerounais	566	397	169	827	655	172
2006	Afrique	CAF	Centrafricain	90	66	24	65	44	21
2006	Afrique	COG	Congolais	818	366	452	633	202	431
2006	Afrique	CIV	Ivoirien	532	352	180	558	383	175
2006	Afrique	BEN	Béninois	228	186	42	119	84	35
2006	Afrique	GAB	Gabonais	95	71	24	201	169	32
2006	Afrique	GIN	Guinéen	183	129	54	115	58	57
2006	Afrique	BFA	Burkinabé	57	49	8	45	39	6
2006	Afrique	MDG	Malgache	191	110	81	508	423	85
2006	Afrique	MLI	Malien	352	281	71	154	73	81
2006	Afrique	MAR	Marocain	4911	4093	818	2701	1815	886
2006	Afrique	MRT	Mauritanien	75	58	17	23	14	9
2006	Afrique	NER	Nigérien	76	41	35	52	36	16
2006	Afrique	EGY	Egyptien	228	168	60	18	4	14
2006	Afrique	SEN	Sénégalais	540	417	123	365	242	123
2006	Afrique	TCD	Tchadien	30	18	12	31	19	12
2006	Afrique	TGO	Togolais	151	101	50	141	91	50
2006	Afrique	TUN	Tunisien	2084	1803	281	484	298	186
2006	Afrique	COM	Comorien	140	117	23	94	70	24
2006	Afrique	SOM	Somalien	2	0	2	6	3	3
2006	Afrique	MUS	Mauricien	126	93	33	227	196	31
2006	Afrique	NGA	Nigérian	138	59	79	88	55	33
2006	Afrique	COD	Zaïrois	49	17	32	47	14	33
2006	Afrique	Afrique	Autres nationalités d'Afrique	360	151	209	365	184	181
2006	Amerique	CAN	Canadien	153	116	37	234	197	37
2006	Amerique	USA	Américain	262	216	46	368	299	69
2006	Amerique	HTI	Haïtien	476	204	272	442	175	267
2006	Amerique	MEX	Mexicain	59	54	5	205	187	18
2006	Amerique	ARG	Argentin	40	32	8	91	83	8
2006	Amerique	BRA	Brésilien	191	129	62	621	504	117
2006	Amerique	CHL	Chilien	66	53	13	79	71	8
2006	Amerique	COL	Colombien	94	45	49	226	170	56
2006	Amerique	VEN	Vénézuélien	16	12	4	71	68	3
2006	Amerique	Amerique	Autres nationalités d'Amérique	282	188	94	567	435	132
2006	Asie	ARM	Arménien	75	20	55	87	42	45
2006	Asie	KHM	Cambodgien	111	46	65	189	138	51
2006	Asie	CHN	Chinois	596	84	512	1388	815	573
2006	Asie	IND	Indien	99	76	23	64	45	19
2006	Asie	IRN	Iranien	48	33	15	58	48	10
2006	Asie	ISR	Israëlien	36	33	3	43	38	5
2006	Asie	JPN	Japonais	38	23	15	373	344	29
2006	Asie	LAO	Laotien	58	33	25	55	42	13
2006	Asie	LBN	Libanais	190	120	70	165	117	48
2006	Asie	SYR	Syrien	64	42	22	42	25	17
2006	Asie	TUR	Turc	1290	775	515	628	169	459
2006	Asie	VNM	Vietnamien	94	47	47	266	222	44
2006	Asie	IRQ	Irakien	39	31	8	9	3	6
2006	Asie	PAK	Pakistanais	115	76	39	24	7	17
2006	Asie	Asie	Autres nationalités d'Asie (sauf Russes)	497	157	340	1210	837	373
2006	Asie	RUS	Russe	112	33	79	1053	907	146
2006	Oceanie	AUS	Australien	75	66	9	66	48	18
2006	Oceanie	Oceanie	Autres nationalités d'Océanie	18	14	4	10	9	1
2006	Autres	???	Nationalité étrangère inconnue	10	9	1	24	18	6
2007	Europe	DEU	Allemand	476	354	122	624	448	176
2007	Europe	AUT	Autrichien	29	22	7	38	26	12
2007	Europe	BEL	Belge	594	433	161	602	442	160
2007	Europe	BGR	Bulgare	26	12	14	124	103	21
2007	Europe	CYP	Chypriote	1	1	0	4	3	1
2007	Europe	DNK	Danois	35	26	9	38	23	15
2007	Europe	ESP	Espagnol	383	310	73	332	267	65
2007	Europe	EST	Estonien	0	0	0	10	9	1
2007	Europe	FIN	Finlandais	12	10	2	19	15	4
2007	Europe	GRC	Grec	34	27	7	40	32	8
2007	Europe	HUN	Hongrois	27	16	11	58	46	12
2007	Europe	IRL	Irlandais	96	80	16	80	56	24
2007	Europe	ITA	Italien	644	520	124	429	337	92
2007	Europe	LVA	Letton	2	0	2	28	27	1
2007	Europe	LTU	Lituanien	5	2	3	39	28	11
2007	Europe	LUX	Luxembourgeois	26	24	2	35	22	13
2007	Europe	MLT	Maltais	2	2	0	1	1	0
2007	Europe	NOR	Norvégien	12	9	3	22	16	6
2007	Europe	NLD	Néerlandais Hollandais	265	132	133	282	132	150
2007	Europe	POL	Polonais	128	65	63	559	450	109
2007	Europe	PRT	Portugais	1540	1178	362	849	548	301
2007	Europe	ROU	Roumain	169	60	109	428	299	129
2007	Europe	GBR	Britannique	979	566	413	703	323	380
2007	Europe	SVK	Slovaque	6	5	1	55	47	8
2007	Europe	SVN	Slovène	4	2	2	13	11	2
2007	Europe	SWE	Suédois	39	28	11	56	45	11
2007	Europe	CHE	Suisse	175	138	37	185	138	47
2007	Europe	ISL	Islandais	1	1	0	0	0	0
2007	Europe	CZE+SVK	Tchécoslovaque	2	1	1	4	4	0
2007	Europe	CZE	Tchèque	18	16	2	53	45	8
2007	Europe	YUG	Yougoslave	87	31	56	73	24	49
2007	Europe	Europe	Autres nationalités d'Europe (sauf Russes)	387	204	183	777	575	202
2007	Afrique	DZA	Algérien	5471	4392	1079	2515	1520	995
2007	Afrique	CMR	Camerounais	562	379	183	769	591	178
2007	Afrique	CAF	Centrafricain	76	54	22	68	52	16
2007	Afrique	COG	Congolais	751	298	453	671	219	452
2007	Afrique	CIV	Ivoirien	499	306	193	565	369	196
2007	Afrique	BEN	Béninois	187	148	39	88	61	27
2007	Afrique	GAB	Gabonais	65	45	20	159	134	25
2007	Afrique	GIN	Guinéen	198	115	83	144	67	77
2007	Afrique	BFA	Burkinabé	43	37	6	47	40	7
2007	Afrique	MDG	Malgache	184	116	68	380	304	76
2007	Afrique	MLI	Malien	356	291	65	112	61	51
2007	Afrique	MAR	Marocain	4471	3728	743	2620	1750	870
2007	Afrique	MRT	Mauritanien	71	51	20	28	11	17
2007	Afrique	NER	Nigérien	62	26	36	39	21	18
2007	Afrique	EGY	Egyptien	241	181	60	26	13	13
2007	Afrique	SEN	Sénégalais	493	380	113	387	265	122
2007	Afrique	TCD	Tchadien	17	10	7	18	10	8
2007	Afrique	TGO	Togolais	138	98	40	108	73	35
2007	Afrique	TUN	Tunisien	2091	1795	296	527	323	204
2007	Afrique	COM	Comorien	126	106	20	93	75	18
2007	Afrique	SOM	Somalien	1	0	1	2	2	0
2007	Afrique	MUS	Mauricien	137	97	40	235	196	39
2007	Afrique	NGA	Nigérian	94	27	67	73	42	31
2007	Afrique	COD	Zaïrois	47	12	35	31	2	29
2007	Afrique	Afrique	Autres nationalités d'Afrique	328	143	185	363	186	177
2007	Amerique	CAN	Canadien	144	110	34	180	154	26
2007	Amerique	USA	Américain	220	183	37	329	274	55
2007	Amerique	HTI	Haïtien	475	195	280	464	184	280
2007	Amerique	MEX	Mexicain	70	66	4	147	138	9
2007	Amerique	ARG	Argentin	61	52	9	102	87	15
2007	Amerique	BRA	Brésilien	215	133	82	706	570	136
2007	Amerique	CHL	Chilien	30	21	9	79	69	10
2007	Amerique	COL	Colombien	119	48	71	238	157	81
2007	Amerique	VEN	Vénézuélien	19	16	3	56	50	6
2007	Amerique	Amerique	Autres nationalités d'Amérique	257	180	77	527	428	99
2007	Asie	ARM	Arménien	88	19	69	114	41	73
2007	Asie	KHM	Cambodgien	91	32	59	172	127	45
2007	Asie	CHN	Chinois	618	70	548	1412	812	600
2007	Asie	IND	Indien	112	91	21	67	44	23
2007	Asie	IRN	Iranien	42	26	16	48	38	10
2007	Asie	ISR	Israëlien	41	39	2	36	31	5
2007	Asie	JPN	Japonais	32	21	11	343	322	21
2007	Asie	LAO	Laotien	46	22	24	79	56	23
2007	Asie	LBN	Libanais	168	104	64	145	106	39
2007	Asie	SYR	Syrien	53	43	10	23	17	6
2007	Asie	TUR	Turc	1306	779	527	650	175	475
2007	Asie	VNM	Vietnamien	94	44	50	300	252	48
2007	Asie	IRQ	Irakien	21	13	8	12	9	3
2007	Asie	PAK	Pakistanais	105	73	32	19	3	16
2007	Asie	Asie	Autres nationalités d'Asie (sauf Russes)	510	162	348	1169	809	360
2007	Asie	RUS	Russe	117	36	81	995	880	115
2007	Oceanie	AUS	Australien	70	56	14	64	50	14
2007	Oceanie	Oceanie	Autres nationalités d'Océanie	21	19	2	17	13	4
2007	Autres	???	Nationalité étrangère inconnue	54	38	16	47	32	15
2008	Europe	DEU	Allemand	474	343	131	556	423	133
2008	Europe	AUT	Autrichien	32	22	10	34	26	8
2008	Europe	BEL	Belge	635	463	172	602	440	162
2008	Europe	BGR	Bulgare	34	12	22	109	73	36
2008	Europe	CYP	Chypriote	1	1	0	1	0	1
2008	Europe	DNK	Danois	21	12	9	26	17	9
2008	Europe	ESP	Espagnol	395	322	73	343	287	56
2008	Europe	EST	Estonien	0	0	0	16	9	7
2008	Europe	FIN	Finlandais	4	3	1	17	14	3
2008	Europe	GRC	Grec	22	17	5	40	31	9
2008	Europe	HUN	Hongrois	14	9	5	49	42	7
2008	Europe	IRL	Irlandais	98	73	25	85	54	31
2008	Europe	ITA	Italien	614	499	115	376	298	78
2008	Europe	LVA	Letton	3	2	1	19	17	2
2008	Europe	LTU	Lituanien	9	4	5	40	33	7
2008	Europe	LUX	Luxembourgeois	26	21	5	24	18	6
2008	Europe	MLT	Maltais	1	0	1	4	2	2
2008	Europe	NOR	Norvégien	18	12	6	13	11	2
2008	Europe	NLD	Néerlandais Hollandais	209	107	102	229	125	104
2008	Europe	POL	Polonais	107	46	61	496	395	101
2008	Europe	PRT	Portugais	1490	1113	377	849	536	313
2008	Europe	ROU	Roumain	197	53	144	464	306	158
2008	Europe	GBR	Britannique	956	567	389	645	285	360
2008	Europe	SVK	Slovaque	21	13	8	52	42	10
2008	Europe	SVN	Slovène	3	1	2	10	9	1
2008	Europe	SWE	Suédois	41	29	12	71	47	24
2008	Europe	CHE	Suisse	151	120	31	183	147	36
2008	Europe	ISL	Islandais	1	1	0	2	2	0
2008	Europe	CZE+SVK	Tchécoslovaque	0	0	0	4	1	3
2008	Europe	CZE	Tchèque	6	4	2	44	33	11
2008	Europe	YUG	Yougoslave	59	24	35	69	34	35
2008	Europe	Europe	Autres nationalités d'Europe (sauf Russes)	487	247	240	881	626	255
2008	Afrique	DZA	Algérien	4630	3674	956	2335	1435	900
2008	Afrique	CMR	Camerounais	446	273	173	673	492	181
2008	Afrique	CAF	Centrafricain	87	65	22	66	43	23
2008	Afrique	COG	Congolais	696	293	403	622	234	388
2008	Afrique	CIV	Ivoirien	456	275	181	545	354	191
2008	Afrique	BEN	Béninois	128	99	29	75	41	34
2008	Afrique	GAB	Gabonais	83	52	31	176	145	31
2008	Afrique	GIN	Guinéen	190	115	75	124	52	72
2008	Afrique	BFA	Burkinabé	35	31	4	52	46	6
2008	Afrique	MDG	Malgache	146	73	73	383	306	77
2008	Afrique	MLI	Malien	293	233	60	137	69	68
2008	Afrique	MAR	Marocain	3891	3091	800	2632	1730	902
2008	Afrique	MRT	Mauritanien	62	47	15	24	11	13
2008	Afrique	NER	Nigérien	38	21	17	34	23	11
2008	Afrique	EGY	Egyptien	200	122	78	20	4	16
2008	Afrique	SEN	Sénégalais	483	355	128	332	210	122
2008	Afrique	TCD	Tchadien	17	14	3	18	15	3
2008	Afrique	TGO	Togolais	91	61	30	93	69	24
2008	Afrique	TUN	Tunisien	1838	1570	268	472	276	196
2008	Afrique	COM	Comorien	133	103	30	105	74	31
2008	Afrique	SOM	Somalien	1	0	1	3	1	2
2008	Afrique	MUS	Mauricien	92	73	19	208	188	20
2008	Afrique	NGA	Nigérian	61	25	36	34	16	18
2008	Afrique	COD	Zaïrois	32	13	19	32	6	26
2008	Afrique	Afrique	Autres nationalités d'Afrique	326	133	193	359	172	187
2008	Amerique	CAN	Canadien	127	93	34	215	176	39
2008	Amerique	USA	Américain	192	157	35	339	294	45
2008	Amerique	HTI	Haïtien	419	196	223	418	194	224
2008	Amerique	MEX	Mexicain	61	59	2	198	187	11
2008	Amerique	ARG	Argentin	52	46	6	72	67	5
2008	Amerique	BRA	Brésilien	192	129	63	733	587	146
2008	Amerique	CHL	Chilien	62	48	14	67	52	15
2008	Amerique	COL	Colombien	92	43	49	202	151	51
2008	Amerique	VEN	Vénézuélien	18	12	6	60	53	7
2008	Amerique	Amerique	Autres nationalités d'Amérique	193	132	61	484	401	83
2008	Asie	ARM	Arménien	74	25	49	94	50	44
2008	Asie	KHM	Cambodgien	56	35	21	163	137	26
2008	Asie	CHN	Chinois	501	71	430	1266	811	455
2008	Asie	IND	Indien	85	65	20	35	24	11
2008	Asie	IRN	Iranien	50	28	22	60	43	17
2008	Asie	ISR	Israëlien	44	42	2	26	23	3
2008	Asie	JPN	Japonais	30	18	12	353	327	26
2008	Asie	LAO	Laotien	39	23	16	60	50	10
2008	Asie	LBN	Libanais	160	92	68	166	120	46
2008	Asie	SYR	Syrien	40	28	12	24	16	8
2008	Asie	TUR	Turc	1178	645	533	670	186	484
2008	Asie	VNM	Vietnamien	88	44	44	254	210	44
2008	Asie	IRQ	Irakien	12	7	5	10	4	6
2008	Asie	PAK	Pakistanais	85	65	20	18	12	6
2008	Asie	Asie	Autres nationalités d'Asie (sauf Russes)	478	159	319	1158	830	328
2008	Asie	RUS	Russe	109	36	73	948	828	120
2008	Oceanie	AUS	Australien	64	53	11	57	47	10
2008	Oceanie	Oceanie	Autres nationalités d'Océanie	21	16	5	19	15	4
2008	Autres	???	Nationalité étrangère inconnue	12	12	0	16	14	2
2009	Europe	DEU	Allemand	444	317	127	569	415	154
2009	Europe	AUT	Autrichien	19	13	6	32	30	2
2009	Europe	BEL	Belge	607	426	181	589	420	169
2009	Europe	BGR	Bulgare	43	14	29	118	83	35
2009	Europe	CYP	Chypriote	3	2	1	3	1	2
2009	Europe	DNK	Danois	24	18	6	28	22	6
2009	Europe	ESP	Espagnol	338	267	71	296	250	46
2009	Europe	EST	Estonien	0	0	0	9	9	0
2009	Europe	FIN	Finlandais	11	10	1	22	20	2
2009	Europe	GRC	Grec	21	18	3	36	29	7
2009	Europe	HUN	Hongrois	18	13	5	41	37	4
2009	Europe	IRL	Irlandais	82	63	19	70	51	19
2009	Europe	ITA	Italien	600	464	136	347	254	93
2009	Europe	LVA	Letton	4	2	2	23	17	6
2009	Europe	LTU	Lituanien	6	0	6	33	24	9
2009	Europe	LUX	Luxembourgeois	17	16	1	16	14	2
2009	Europe	MLT	Maltais	2	1	1	2	1	1
2009	Europe	NOR	Norvégien	18	15	3	18	14	4
2009	Europe	NLD	Néerlandais Hollandais	225	115	110	188	92	96
2009	Europe	POL	Polonais	88	41	47	350	264	86
2009	Europe	PRT	Portugais	1474	1015	459	853	492	361
2009	Europe	ROU	Roumain	229	58	171	490	293	197
2009	Europe	GBR	Britannique	814	483	331	625	319	306
2009	Europe	SVK	Slovaque	7	3	4	36	30	6
2009	Europe	SVN	Slovène	4	2	2	2	1	1
2009	Europe	SWE	Suédois	28	21	7	64	48	16
2009	Europe	CHE	Suisse	150	103	47	204	165	39
2009	Europe	ISL	Islandais	1	1	0	2	2	0
2009	Europe	CZE+SVK	Tchécoslovaque	0	0	0	0	0	0
2009	Europe	CZE	Tchèque	32	22	10	11	7	4
2009	Europe	YUG	Yougoslave	62	23	39	40	10	30
2009	Europe	Europe	Autres nationalités d'Europe (sauf Russes)	484	203	281	860	561	299
2009	Afrique	DZA	Algérien	4324	3357	967	2229	1313	916
2009	Afrique	CMR	Camerounais	409	241	168	660	472	188
2009	Afrique	CAF	Centrafricain	73	45	28	70	47	23
2009	Afrique	COG	Congolais	575	239	336	543	204	339
2009	Afrique	CIV	Ivoirien	443	269	174	506	327	179
2009	Afrique	BEN	Béninois	129	94	35	80	48	32
2009	Afrique	GAB	Gabonais	86	52	34	157	127	30
2009	Afrique	GIN	Guinéen	158	93	65	118	44	74
2009	Afrique	BFA	Burkinabé	53	42	11	54	43	11
2009	Afrique	MDG	Malgache	170	98	72	357	280	77
2009	Afrique	MLI	Malien	313	217	96	146	53	93
2009	Afrique	MAR	Marocain	3822	3039	783	2515	1638	877
2009	Afrique	MRT	Mauritanien	83	62	21	33	13	20
2009	Afrique	NER	Nigérien	38	19	19	31	15	16
2009	Afrique	EGY	Egyptien	243	167	76	28	6	22
2009	Afrique	SEN	Sénégalais	485	360	125	316	190	126
2009	Afrique	TCD	Tchadien	19	9	10	20	13	7
2009	Afrique	TGO	Togolais	94	61	33	80	53	27
2009	Afrique	TUN	Tunisien	2090	1784	306	529	295	234
2009	Afrique	COM	Comorien	111	90	21	94	74	20
2009	Afrique	SOM	Somalien	3	2	1	3	2	1
2009	Afrique	MUS	Mauricien	117	101	16	214	194	20
2009	Afrique	NGA	Nigérian	70	19	51	43	11	32
2009	Afrique	COD	Zaïrois	22	8	14	25	12	13
2009	Afrique	Afrique	Autres nationalités d'Afrique	314	128	186	344	141	203
2009	Amerique	CAN	Canadien	151	127	24	225	188	37
2009	Amerique	USA	Américain	198	169	29	370	321	49
2009	Amerique	HTI	Haïtien	429	210	219	426	203	223
2009	Amerique	MEX	Mexicain	63	61	2	175	171	4
2009	Amerique	ARG	Argentin	44	39	5	78	67	11
2009	Amerique	BRA	Brésilien	227	157	70	768	606	162
2009	Amerique	CHL	Chilien	43	36	7	70	60	10
2009	Amerique	COL	Colombien	97	50	47	214	163	51
2009	Amerique	VEN	Vénézuélien	19	13	6	78	67	11
2009	Amerique	Amerique	Autres nationalités d'Amérique	198	137	61	429	345	84
2009	Asie	ARM	Arménien	103	19	84	136	49	87
2009	Asie	KHM	Cambodgien	78	33	45	179	148	31
2009	Asie	CHN	Chinois	558	73	485	1334	808	526
2009	Asie	IND	Indien	106	87	19	41	29	12
2009	Asie	IRN	Iranien	28	12	16	63	49	14
2009	Asie	ISR	Israëlien	24	23	1	23	22	1
2009	Asie	JPN	Japonais	26	16	10	350	334	16
2009	Asie	LAO	Laotien	39	16	23	79	59	20
2009	Asie	LBN	Libanais	135	80	55	144	108	36
2009	Asie	SYR	Syrien	57	41	16	30	19	11
2009	Asie	TUR	Turc	1155	658	497	625	172	453
2009	Asie	VNM	Vietnamien	103	32	71	292	221	71
2009	Asie	IRQ	Irakien	11	5	6	11	3	8
2009	Asie	PAK	Pakistanais	105	73	32	27	10	17
2009	Asie	Asie	Autres nationalités d'Asie (sauf Russes)	506	180	326	1141	813	328
2009	Asie	RUS	Russe	121	32	89	1016	885	131
2009	Oceanie	AUS	Australien	84	71	13	59	47	12
2009	Oceanie	Oceanie	Autres nationalités d'Océanie	20	17	3	17	13	4
2009	Autres	???	Nationalité étrangère inconnue	12	9	3	9	5	4
2010	Europe	DEU	Allemand	388	274	114	487	349	138
2010	Europe	AUT	Autrichien	20	16	4	28	21	7
2010	Europe	BEL	Belge	558	407	151	581	433	148
2010	Europe	BGR	Bulgare	37	15	22	108	79	29
2010	Europe	CYP	Chypriote	6	2	4	4	2	2
2010	Europe	DNK	Danois	14	11	3	27	20	7
2010	Europe	ESP	Espagnol	362	289	73	298	240	58
2010	Europe	EST	Estonien	2	2	0	15	13	2
2010	Europe	FIN	Finlandais	6	2	4	20	19	1
2010	Europe	GRC	Grec	26	21	5	26	24	2
2010	Europe	HUN	Hongrois	19	13	6	36	30	6
2010	Europe	IRL	Irlandais	61	52	9	61	50	11
2010	Europe	ITA	Italien	557	442	115	352	272	80
2010	Europe	LVA	Letton	2	1	1	21	16	5
2010	Europe	LTU	Lituanien	9	2	7	20	16	4
2010	Europe	LUX	Luxembourgeois	17	13	4	19	16	3
2010	Europe	MLT	Maltais	0	0	0	1	1	0
2010	Europe	NOR	Norvégien	11	10	1	13	11	2
2010	Europe	NLD	Néerlandais Hollandais	173	100	73	186	84	102
2010	Europe	POL	Polonais	88	44	44	413	323	90
2010	Europe	PRT	Portugais	1317	949	368	816	515	301
2010	Europe	ROU	Roumain	230	72	158	531	345	186
2010	Europe	GBR	Britannique	755	449	306	565	291	274
2010	Europe	SVK	Slovaque	7	6	1	29	26	3
2010	Europe	SVN	Slovène	3	1	2	6	1	5
2010	Europe	SWE	Suédois	32	24	8	47	40	7
2010	Europe	CHE	Suisse	162	119	43	221	170	51
2010	Europe	ISL	Islandais	2	1	1	2	2	0
2010	Europe	CZE+SVK	Tchécoslovaque	0	0	0	0	0	0
2010	Europe	CZE	Tchèque	7	4	3	44	38	6
2010	Europe	YUG	Yougoslave	60	26	34	83	44	39
2010	Europe	RUS	Russe	111	34	77	945	807	138
2010	Europe	Europe	Autres nationalités d'Europe	539	254	285	865	593	272
2010	Afrique	DZA	Algérien	4039	3205	834	2088	1285	803
2010	Afrique	CMR	Camerounais	418	246	172	611	432	179
2010	Afrique	CAF	Centrafricain	55	42	13	60	43	17
2010	Afrique	COG	Congolais	535	239	296	499	202	297
2010	Afrique	CIV	Ivoirien	346	198	148	423	270	153
2010	Afrique	BEN	Béninois	93	64	29	71	52	19
2010	Afrique	GAB	Gabonais	91	61	30	151	126	25
2010	Afrique	GIN	Guinéen	184	104	80	113	36	77
2010	Afrique	BFA	Burkinabé	46	33	13	51	44	7
2010	Afrique	MDG	Malgache	171	97	74	396	322	74
2010	Afrique	MLI	Malien	192	136	56	105	54	51
2010	Afrique	MAR	Marocain	3494	2760	734	2446	1580	866
2010	Afrique	MRT	Mauritanien	57	43	14	21	9	12
2010	Afrique	NER	Nigérien	45	13	32	30	10	20
2010	Afrique	EGY	Egyptien	191	125	66	32	13	19
2010	Afrique	SEN	Sénégalais	398	290	108	288	181	107
2010	Afrique	TCD	Tchadien	18	12	6	14	5	9
2010	Afrique	TGO	Togolais	80	51	29	82	51	31
2010	Afrique	TUN	Tunisien	1933	1686	247	476	293	183
2010	Afrique	COM	Comorien	106	89	17	100	83	17
2010	Afrique	SOM	Somalien	4	3	1	3	1	2
2010	Afrique	MUS	Mauricien	144	108	36	274	245	29
2010	Afrique	NGA	Nigérian	93	27	66	47	14	33
2010	Afrique	COD	Zaïrois	15	6	9	10	1	9
2010	Amerique	Afrique	Autres nationalités d'Afrique	372	175	197	376	200	176
2010	Amerique	CAN	Canadien	109	88	21	213	190	23
2010	Amerique	USA	Américain	190	159	31	314	276	38
2010	Amerique	HTI	Haïtien	353	150	203	397	193	204
2010	Amerique	MEX	Mexicain	74	67	7	196	191	5
2010	Amerique	ARG	Argentin	48	37	11	78	67	11
2010	Amerique	BRA	Brésilien	190	129	61	608	469	139
2010	Amerique	CHL	Chilien	48	38	10	54	44	10
2010	Amerique	COL	Colombien	87	45	42	203	156	47
2010	Amerique	VEN	Vénézuélien	25	21	4	64	58	6
2010	Amerique	Amerique	Autres nationalités d'Amérique	239	167	72	516	417	99
2010	Asie	ARM	Arménien	112	22	90	126	40	86
2010	Asie	KHM	Cambodgien	80	38	42	114	81	33
2010	Asie	CHN	Chinois	532	93	439	1181	704	477
2010	Asie	IND	Indien	75	51	24	39	26	13
2010	Asie	IRN	Iranien	30	18	12	57	47	10
2010	Asie	ISR	Israëlien	32	21	11	33	27	6
2010	Asie	JPN	Japonais	30	16	14	348	321	27
2010	Asie	LAO	Laotien	24	13	11	83	74	9
2010	Asie	LBN	Libanais	120	75	45	128	101	27
2010	Asie	SYR	Syrien	45	25	20	30	20	10
2010	Asie	TUR	Turc	1061	611	450	551	163	388
2010	Asie	VNM	Vietnamien	69	17	52	211	155	56
2010	Asie	IRQ	Irakien	14	7	7	15	10	5
2010	Asie	PAK	Pakistanais	73	55	18	7	1	6
2010	Asie	Asie	Autres nationalités d'Asie	594	166	428	1178	742	436
2010	Oceanie	AUS	Australien	66	53	13	56	49	7
2010	Oceanie	Oceanie	Autres nationalités d'Océanie	28	21	7	28	22	6
2010	Autres	???	Nationalité étrangère inconnue	2	2	0	5	5	0
2011	Europe	DEU	Allemand	405	300	105	513	401	112
2011	Europe	AUT	Autrichien	16	11	5	33	23	10
2011	Europe	BEL	Belge	577	409	168	564	419	145
2011	Europe	BGR	Bulgare	29	10	19	108	76	32
2011	Europe	CYP	Chypriote	6	2	4	4	2	2
2011	Europe	DNK	Danois	24	19	5	24	19	5
2011	Europe	ESP	Espagnol	324	254	70	305	236	69
2011	Europe	EST	Estonien	2	2	0	8	7	1
2011	Europe	FIN	Finlandais	12	10	2	30	21	9
2011	Europe	GRC	Grec	27	16	11	50	37	13
2011	Europe	HUN	Hongrois	11	7	4	42	35	7
2011	Europe	IRL	Irlandais	71	51	20	63	51	12
2011	Europe	ITA	Italien	545	431	114	340	252	88
2011	Europe	LVA	Letton	1	0	1	25	17	8
2011	Europe	LTU	Lituanien	5	1	4	35	26	9
2011	Europe	LUX	Luxembourgeois	27	24	3	22	17	5
2011	Europe	MLT	Maltais	0	0	0	2	2	0
2011	Europe	NOR	Norvégien	10	4	6	24	18	6
2011	Europe	NLD	Néerlandais	177	111	66	176	93	83
2011	Europe	POL	Polonais	90	48	42	371	302	69
2011	Europe	PRT	Portugais	1224	851	373	782	499	283
2011	Europe	ROU	Roumain	250	69	181	556	369	187
2011	Europe	GBR	Britannique	777	451	326	653	341	312
2011	Europe	SVK	Slovaque	8	7	1	37	29	8
2011	Europe	SVN	Slovène	1	1	0	6	4	2
2011	Europe	SWE	Suédois	23	19	4	44	35	9
2011	Europe	CHE	Suisse	133	103	30	193	149	44
2011	Europe	ISL	Islandais	0	0	0	2	2	0
2011	Europe	MNE	Montenegrin	56	14	42	68	33	35
2011	Europe	CZE	Tchèque	9	5	4	50	35	15
2011	Europe	SRB	Serbe	286	144	142	237	112	125
2011	Europe	RUS	Russe	134	34	100	1036	887	149
2011	Europe	Europe	Autres nationalités d'Europe	317	140	177	775	559	216
2011	Afrique	DZA	Algérien	3954	3066	888	2145	1306	839
2011	Afrique	CMR	Camerounais	383	238	145	595	446	149
2011	Afrique	CAF	Centrafricain	50	36	14	45	32	13
2011	Afrique	COD	Congolais ou Zaïrois	528	246	282	471	196	275
2011	Afrique	CIV	Ivoirien	372	237	135	386	259	127
2011	Afrique	BEN	Béninois	81	68	13	67	55	12
2011	Afrique	GAB	Gabonais	81	55	26	169	141	28
2011	Afrique	GIN	Guinéen	181	104	77	139	62	77
2011	Afrique	BFA	Burkinabé	69	59	10	52	40	12
2011	Afrique	MDG	Malgache	146	86	60	358	295	63
2011	Afrique	MLI	Malien	192	129	63	113	53	60
2011	Afrique	MAR	Marocain	3320	2619	701	2348	1528	820
2011	Afrique	MRT	Mauritanien	81	54	27	38	17	21
2011	Afrique	NER	Nigérien	55	26	29	30	19	11
2011	Afrique	EGY	Egyptien	195	128	67	24	9	15
2011	Afrique	SEN	Sénégalais	427	321	106	326	202	124
2011	Afrique	TCD	Tchadien	10	5	5	16	14	2
2011	Afrique	TGO	Togolais	85	58	27	64	49	15
2011	Afrique	TUN	Tunisien	2212	1897	315	541	295	246
2011	Afrique	COM	Comorien	117	101	16	75	61	14
2011	Afrique	SOM	Somalien	0	0	0	3	0	3
2011	Afrique	MUS	Mauricien	138	108	30	301	269	32
2011	Afrique	NGA	Nigérian	62	18	44	42	23	19
2011	Afrique	Afrique	Autres nationalités d'Afrique	340	150	190	342	159	183
2011	Amerique	CAN	Canadien	134	112	22	200	166	34
2011	Amerique	USA	Américain	194	159	35	364	317	47
2011	Amerique	HTI	Haïtien	396	201	195	346	155	191
2011	Amerique	MEX	Mexicain	68	63	5	191	183	8
2011	Amerique	ARG	Argentin	91	71	20	114	89	25
2011	Amerique	BRA	Brésilien	191	130	61	665	532	133
2011	Amerique	CHL	Chilien	36	34	2	63	54	9
2011	Amerique	COL	Colombien	86	51	35	180	146	34
2011	Amerique	VEN	Vénézuélien	26	20	6	64	58	6
2011	Amerique	Amerique	Autres nationalités d'Amérique	208	149	59	421	353	68
2011	Asie	ARM	Arménien	83	18	65	123	62	61
2011	Asie	KHM	Cambodgien	45	19	26	131	110	21
2011	Asie	CHN	Chinois	555	81	474	1259	759	500
2011	Asie	IND	Indien	119	92	27	49	31	18
2011	Asie	IRN	Iranien	34	23	11	55	39	16
2011	Asie	ISR	Israëlien	47	41	6	32	30	2
2011	Asie	JPN	Japonais	44	29	15	350	312	38
2011	Asie	LAO	Laotien	21	11	10	86	73	13
2011	Asie	LBN	Libanais	118	83	35	115	87	28
2011	Asie	SYR	Syrien	43	27	16	32	23	9
2011	Asie	TUR	Turc	882	504	378	516	177	339
2011	Asie	VNM	Vietnamien	66	27	39	243	201	42
2011	Asie	IRQ	Irakien	24	17	7	11	7	4
2011	Asie	PAK	Pakistanais	88	64	24	14	6	8
2011	Asie	Asie	Autres nationalités d'Asie	554	146	408	1153	760	393
2011	Oceanie	AUS	Australien	66	53	13	62	48	14
2011	Oceanie	Oceanie	Autres nationalités d'Océanie	25	22	3	22	17	5
